[
  0.200000 0.200000 0.600000;
  0.199010 0.199010 0.597030;
  0.198020 0.198020 0.594059;
  0.197030 0.197030 0.591089;
  0.196040 0.196040 0.588119;
  0.195050 0.195050 0.585149;
  0.194059 0.194059 0.582178;
  0.193069 0.193069 0.579208;
  0.192079 0.192079 0.576238;
  0.191089 0.191089 0.573267;
  0.190099 0.190099 0.570297;
  0.189109 0.189109 0.567327;
  0.188119 0.188119 0.564356;
  0.187129 0.187129 0.561386;
  0.186139 0.186139 0.558416;
  0.185149 0.185149 0.555446;
  0.184158 0.184158 0.552475;
  0.183168 0.183168 0.549505;
  0.182178 0.182178 0.546535;
  0.181188 0.181188 0.543564;
  0.180198 0.180198 0.540594;
  0.179208 0.179208 0.537624;
  0.178218 0.178218 0.534653;
  0.177228 0.177228 0.531683;
  0.176238 0.176238 0.528713;
  0.175248 0.175248 0.525743;
  0.174257 0.174257 0.522772;
  0.173267 0.173267 0.519802;
  0.172277 0.172277 0.516832;
  0.171287 0.171287 0.513861;
  0.170297 0.170297 0.510891;
  0.169307 0.169307 0.507921;
  0.168317 0.168317 0.504950;
  0.167327 0.167327 0.501980;
  0.166337 0.166337 0.499010;
  0.165347 0.165347 0.496040;
  0.164356 0.164356 0.493069;
  0.163366 0.163366 0.490099;
  0.162376 0.162376 0.487129;
  0.161386 0.161386 0.484158;
  0.160396 0.160396 0.481188;
  0.159406 0.159406 0.478218;
  0.158416 0.158416 0.475248;
  0.157426 0.157426 0.472277;
  0.156436 0.156436 0.469307;
  0.155446 0.155446 0.466337;
  0.154455 0.154455 0.463366;
  0.153465 0.153465 0.460396;
  0.152475 0.152475 0.457426;
  0.151485 0.151485 0.454455;
  0.150495 0.150495 0.451485;
  0.149505 0.149505 0.448515;
  0.148515 0.148515 0.445545;
  0.147525 0.147525 0.442574;
  0.146535 0.146535 0.439604;
  0.145545 0.145545 0.436634;
  0.144554 0.144554 0.433663;
  0.143564 0.143564 0.430693;
  0.142574 0.142574 0.427723;
  0.141584 0.141584 0.424752;
  0.140594 0.140594 0.421782;
  0.139604 0.139604 0.418812;
  0.138614 0.138614 0.415842;
  0.137624 0.137624 0.412871;
  0.136634 0.136634 0.409901;
  0.135644 0.135644 0.406931;
  0.134653 0.134653 0.403960;
  0.133663 0.133663 0.400990;
  0.132673 0.132673 0.398020;
  0.131683 0.131683 0.395050;
  0.130693 0.130693 0.392079;
  0.129703 0.129703 0.389109;
  0.128713 0.128713 0.386139;
  0.127723 0.127723 0.383168;
  0.126733 0.126733 0.380198;
  0.125743 0.125743 0.377228;
  0.124752 0.124752 0.374257;
  0.123762 0.123762 0.371287;
  0.122772 0.122772 0.368317;
  0.121782 0.121782 0.365347;
  0.120792 0.120792 0.362376;
  0.119802 0.119802 0.359406;
  0.118812 0.118812 0.356436;
  0.117822 0.117822 0.353465;
  0.116832 0.116832 0.350495;
  0.115842 0.115842 0.347525;
  0.114851 0.114851 0.344554;
  0.113861 0.113861 0.341584;
  0.112871 0.112871 0.338614;
  0.111881 0.111881 0.335644;
  0.110891 0.110891 0.332673;
  0.109901 0.109901 0.329703;
  0.108911 0.108911 0.326733;
  0.107921 0.107921 0.323762;
  0.106931 0.106931 0.320792;
  0.105941 0.105941 0.317822;
  0.104950 0.104950 0.314851;
  0.103960 0.103960 0.311881;
  0.102970 0.102970 0.308911;
  0.101980 0.101980 0.305941;
  0.100990 0.100990 0.302970;
  0.100000 0.100000 0.300000;
  0.500000 0.000000 0.500000;
  0.500000 0.000000 0.500000;
  0.500000 0.000000 0.500000;
  0.500000 0.000000 0.500000;
  0.500000 0.000000 0.500000;
  0.500000 0.000000 0.500000;
  0.500000 0.000000 0.500000;
  0.500000 0.000000 0.500000;
  0.500000 0.000000 0.500000;
  0.500000 0.000000 0.500000;
  0.500000 0.000000 0.500000;
  0.500000 0.000000 0.500000;
  0.500000 0.000000 0.500000;
  0.500000 0.000000 0.500000;
  0.500000 0.000000 0.500000;
  0.500000 0.000000 0.500000;
  0.500000 0.000000 0.500000;
  0.500000 0.000000 0.500000;
  0.500000 0.000000 0.500000;
  0.500000 0.000000 0.500000;
  0.500000 0.000000 0.500000;
  0.500000 0.000000 0.500000;
  0.500000 0.000000 0.500000;
  0.500000 0.000000 0.500000;
  0.500000 0.000000 0.500000;
  0.500000 0.000000 0.500000;
  1.000000 0.500000 0.000000;
  1.000000 0.500000 0.000000;
  1.000000 0.500000 0.000000;
  1.000000 0.500000 0.000000;
  1.000000 0.500000 0.000000;
  1.000000 0.500000 0.000000;
  1.000000 0.500000 0.000000;
  1.000000 0.500000 0.000000;
  1.000000 0.500000 0.000000;
  1.000000 0.500000 0.000000;
  1.000000 0.500000 0.000000;
  1.000000 0.500000 0.000000;
  1.000000 0.500000 0.000000;
  1.000000 0.500000 0.000000;
  1.000000 0.500000 0.000000;
  1.000000 0.500000 0.000000;
  1.000000 0.500000 0.000000;
  1.000000 0.500000 0.000000;
  1.000000 0.500000 0.000000;
  1.000000 0.500000 0.000000;
  1.000000 0.500000 0.000000;
  1.000000 0.500000 0.000000;
  1.000000 0.500000 0.000000;
  1.000000 0.500000 0.000000;
  1.000000 0.500000 0.000000;
  1.000000 0.500000 0.000000;
  0.600000 0.200000 0.200000;
  0.602970 0.203960 0.203960;
  0.605941 0.207921 0.207921;
  0.608911 0.211881 0.211881;
  0.611881 0.215842 0.215842;
  0.614851 0.219802 0.219802;
  0.617822 0.223762 0.223762;
  0.620792 0.227723 0.227723;
  0.623762 0.231683 0.231683;
  0.626733 0.235644 0.235644;
  0.629703 0.239604 0.239604;
  0.632673 0.243564 0.243564;
  0.635644 0.247525 0.247525;
  0.638614 0.251485 0.251485;
  0.641584 0.255446 0.255446;
  0.644554 0.259406 0.259406;
  0.647525 0.263366 0.263366;
  0.650495 0.267327 0.267327;
  0.653465 0.271287 0.271287;
  0.656436 0.275248 0.275248;
  0.659406 0.279208 0.279208;
  0.662376 0.283168 0.283168;
  0.665347 0.287129 0.287129;
  0.668317 0.291089 0.291089;
  0.671287 0.295050 0.295050;
  0.674257 0.299010 0.299010;
  0.677228 0.302970 0.302970;
  0.680198 0.306931 0.306931;
  0.683168 0.310891 0.310891;
  0.686139 0.314851 0.314851;
  0.689109 0.318812 0.318812;
  0.692079 0.322772 0.322772;
  0.695050 0.326733 0.326733;
  0.698020 0.330693 0.330693;
  0.700990 0.334653 0.334653;
  0.703960 0.338614 0.338614;
  0.706931 0.342574 0.342574;
  0.709901 0.346535 0.346535;
  0.712871 0.350495 0.350495;
  0.715842 0.354455 0.354455;
  0.718812 0.358416 0.358416;
  0.721782 0.362376 0.362376;
  0.724752 0.366337 0.366337;
  0.727723 0.370297 0.370297;
  0.730693 0.374257 0.374257;
  0.733663 0.378218 0.378218;
  0.736634 0.382178 0.382178;
  0.739604 0.386139 0.386139;
  0.742574 0.390099 0.390099;
  0.745545 0.394059 0.394059;
  0.748515 0.398020 0.398020;
  0.751485 0.401980 0.401980;
  0.754455 0.405941 0.405941;
  0.757426 0.409901 0.409901;
  0.760396 0.413861 0.413861;
  0.763366 0.417822 0.417822;
  0.766337 0.421782 0.421782;
  0.769307 0.425743 0.425743;
  0.772277 0.429703 0.429703;
  0.775248 0.433663 0.433663;
  0.778218 0.437624 0.437624;
  0.781188 0.441584 0.441584;
  0.784158 0.445545 0.445545;
  0.787129 0.449505 0.449505;
  0.790099 0.453465 0.453465;
  0.793069 0.457426 0.457426;
  0.796040 0.461386 0.461386;
  0.799010 0.465347 0.465347;
  0.801980 0.469307 0.469307;
  0.804950 0.473267 0.473267;
  0.807921 0.477228 0.477228;
  0.810891 0.481188 0.481188;
  0.813861 0.485149 0.485149;
  0.816832 0.489109 0.489109;
  0.819802 0.493069 0.493069;
  0.822772 0.497030 0.497030;
  0.825743 0.500990 0.500990;
  0.828713 0.504950 0.504950;
  0.831683 0.508911 0.508911;
  0.834653 0.512871 0.512871;
  0.837624 0.516832 0.516832;
  0.840594 0.520792 0.520792;
  0.843564 0.524752 0.524752;
  0.846535 0.528713 0.528713;
  0.849505 0.532673 0.532673;
  0.852475 0.536634 0.536634;
  0.855446 0.540594 0.540594;
  0.858416 0.544554 0.544554;
  0.861386 0.548515 0.548515;
  0.864356 0.552475 0.552475;
  0.867327 0.556436 0.556436;
  0.870297 0.560396 0.560396;
  0.873267 0.564356 0.564356;
  0.876238 0.568317 0.568317;
  0.879208 0.572277 0.572277;
  0.882178 0.576238 0.576238;
  0.885149 0.580198 0.580198;
  0.888119 0.584158 0.584158;
  0.891089 0.588119 0.588119;
  0.894059 0.592079 0.592079;
  0.897030 0.596040 0.596040;
  0.900000 0.600000 0.600000;
]
