[
  0.800000 0.600000 0.000000;
  0.796863 0.599185 -0.000000;
  0.793725 0.598370 -0.000000;
  0.790588 0.597555 -0.000000;
  0.787451 0.596740 -0.000000;
  0.784314 0.595925 -0.000000;
  0.781176 0.595110 -0.000000;
  0.778039 0.594295 -0.000000;
  0.774902 0.593479 -0.000000;
  0.771765 0.592664 -0.000000;
  0.768627 0.591849 -0.000000;
  0.765490 0.591034 -0.000000;
  0.762353 0.590219 -0.000000;
  0.759216 0.589404 -0.000000;
  0.756078 0.588589 -0.000000;
  0.752941 0.587774 -0.000000;
  0.749804 0.586959 -0.000000;
  0.746667 0.586144 -0.000000;
  0.743529 0.585329 -0.000000;
  0.740392 0.584514 -0.000000;
  0.737255 0.583699 -0.000000;
  0.734118 0.582884 -0.000000;
  0.730980 0.582068 -0.000000;
  0.727843 0.581253 -0.000000;
  0.724706 0.580438 -0.000000;
  0.721569 0.579623 -0.000000;
  0.718431 0.578808 -0.000000;
  0.715294 0.577993 -0.000000;
  0.712157 0.577178 -0.000000;
  0.709020 0.576363 -0.000000;
  0.705882 0.575548 -0.000000;
  0.702745 0.574733 -0.000000;
  0.699608 0.573918 -0.000000;
  0.696471 0.573103 -0.000000;
  0.693333 0.572288 -0.000000;
  0.690196 0.571473 -0.000000;
  0.687059 0.570657 -0.000000;
  0.683922 0.569842 -0.000000;
  0.680784 0.569027 -0.000000;
  0.677647 0.568212 -0.000000;
  0.674510 0.567397 -0.000000;
  0.671373 0.566582 -0.000000;
  0.668235 0.565767 -0.000000;
  0.665098 0.564952 -0.000000;
  0.661961 0.564137 -0.000000;
  0.658824 0.563322 -0.000000;
  0.655686 0.562507 -0.000000;
  0.652549 0.561692 -0.000000;
  0.649412 0.560877 -0.000000;
  0.646275 0.560062 -0.000000;
  0.643137 0.559246 -0.000000;
  0.640000 0.558431 -0.000000;
  0.636863 0.557616 -0.000000;
  0.633725 0.556801 -0.000000;
  0.630588 0.555986 -0.000000;
  0.627451 0.555171 -0.000000;
  0.624314 0.554356 -0.000000;
  0.621176 0.553541 -0.000000;
  0.618039 0.552726 -0.000000;
  0.614902 0.551911 -0.000000;
  0.611765 0.551096 -0.000000;
  0.608627 0.550281 -0.000000;
  0.605490 0.549466 -0.000000;
  0.602353 0.548651 -0.000000;
  0.599216 0.547835 -0.000000;
  0.596078 0.547020 -0.000000;
  0.592941 0.546205 -0.000000;
  0.589804 0.545390 -0.000000;
  0.586667 0.544575 -0.000000;
  0.583529 0.543760 -0.000000;
  0.580392 0.542945 -0.000000;
  0.577255 0.542130 -0.000000;
  0.574118 0.541315 -0.000000;
  0.570980 0.540500 -0.000000;
  0.567843 0.539685 -0.000000;
  0.564706 0.538870 -0.000000;
  0.561569 0.538055 -0.000000;
  0.558431 0.537240 -0.000000;
  0.555294 0.536424 -0.000000;
  0.552157 0.535609 -0.000000;
  0.549020 0.534794 -0.000000;
  0.545882 0.533979 -0.000000;
  0.542745 0.533164 -0.000000;
  0.539608 0.532349 -0.000000;
  0.536471 0.531534 -0.000000;
  0.533333 0.530719 -0.000000;
  0.530196 0.529904 -0.000000;
  0.527059 0.529089 -0.000000;
  0.523922 0.528274 -0.000000;
  0.520784 0.527459 -0.000000;
  0.517647 0.526644 -0.000000;
  0.514510 0.525829 -0.000000;
  0.511373 0.525013 -0.000000;
  0.508235 0.524198 -0.000000;
  0.505098 0.523383 -0.000000;
  0.501961 0.522568 -0.000000;
  0.498824 0.521753 -0.000000;
  0.495686 0.520938 -0.000000;
  0.492549 0.520123 -0.000000;
  0.489412 0.519308 -0.000000;
  0.486275 0.518493 -0.000000;
  0.483137 0.517678 -0.000000;
  0.480000 0.516863 -0.000000;
  0.476863 0.516048 -0.000000;
  0.473725 0.515233 -0.000000;
  0.470588 0.514418 -0.000000;
  0.467451 0.513602 -0.000000;
  0.464314 0.512787 -0.000000;
  0.461176 0.511972 -0.000000;
  0.458039 0.511157 -0.000000;
  0.454902 0.510342 -0.000000;
  0.451765 0.509527 -0.000000;
  0.448627 0.508712 -0.000000;
  0.445490 0.507897 -0.000000;
  0.442353 0.507082 -0.000000;
  0.439216 0.506267 -0.000000;
  0.436078 0.505452 -0.000000;
  0.432941 0.504637 -0.000000;
  0.429804 0.503822 -0.000000;
  0.426667 0.503007 -0.000000;
  0.423529 0.502191 -0.000000;
  0.420392 0.501376 -0.000000;
  0.417255 0.500561 -0.000000;
  0.414118 0.499746 -0.000000;
  0.410980 0.498931 -0.000000;
  0.407843 0.498116 -0.000000;
  0.404706 0.497301 -0.000000;
  0.401569 0.496486 -0.000000;
  0.398431 0.495671 0.000000;
  0.395294 0.494856 0.000000;
  0.392157 0.494041 0.000000;
  0.389020 0.493226 0.000000;
  0.385882 0.492411 0.000000;
  0.382745 0.491596 0.000000;
  0.379608 0.490780 0.000000;
  0.376471 0.489965 0.000000;
  0.373333 0.489150 0.000000;
  0.370196 0.488335 0.000000;
  0.367059 0.487520 0.000000;
  0.363922 0.486705 0.000000;
  0.360784 0.485890 0.000000;
  0.357647 0.485075 0.000000;
  0.354510 0.484260 0.000000;
  0.351373 0.483445 0.000000;
  0.348235 0.482630 0.000000;
  0.345098 0.481815 0.000000;
  0.341961 0.481000 0.000000;
  0.338824 0.480185 0.000000;
  0.335686 0.479369 0.000000;
  0.332549 0.478554 0.000000;
  0.329412 0.477739 0.000000;
  0.326275 0.476924 0.000000;
  0.323137 0.476109 0.000000;
  0.320000 0.475294 0.000000;
  0.316863 0.474479 0.000000;
  0.313725 0.473664 0.000000;
  0.310588 0.472849 0.000000;
  0.307451 0.472034 0.000000;
  0.304314 0.471219 0.000000;
  0.301176 0.470404 0.000000;
  0.298039 0.469589 0.000000;
  0.294902 0.468774 0.000000;
  0.291765 0.467958 0.000000;
  0.288627 0.467143 0.000000;
  0.285490 0.466328 0.000000;
  0.282353 0.465513 0.000000;
  0.279216 0.464698 0.000000;
  0.276078 0.463883 0.000000;
  0.272941 0.463068 0.000000;
  0.269804 0.462253 0.000000;
  0.266667 0.461438 0.000000;
  0.263529 0.460623 0.000000;
  0.260392 0.459808 0.000000;
  0.257255 0.458993 0.000000;
  0.254118 0.458178 0.000000;
  0.250980 0.457363 0.000000;
  0.247843 0.456547 0.000000;
  0.244706 0.455732 0.000000;
  0.241569 0.454917 0.000000;
  0.238431 0.454102 0.000000;
  0.235294 0.453287 0.000000;
  0.232157 0.452472 0.000000;
  0.229020 0.451657 0.000000;
  0.225882 0.450842 0.000000;
  0.222745 0.450027 0.000000;
  0.219608 0.449212 0.000000;
  0.216471 0.448397 0.000000;
  0.213333 0.447582 0.000000;
  0.210196 0.446767 0.000000;
  0.207059 0.445952 0.000000;
  0.203922 0.445136 0.000000;
  0.200784 0.444321 0.000000;
  0.197647 0.443506 0.000000;
  0.194510 0.442691 0.000000;
  0.191373 0.441876 0.000000;
  0.188235 0.441061 0.000000;
  0.185098 0.440246 0.000000;
  0.181961 0.439431 0.000000;
  0.178824 0.438616 0.000000;
  0.175686 0.437801 0.000000;
  0.172549 0.436986 0.000000;
  0.169412 0.436171 0.000000;
  0.166275 0.435356 0.000000;
  0.163137 0.434541 0.000000;
  0.160000 0.433725 0.000000;
  0.156863 0.432910 0.000000;
  0.153725 0.432095 0.000000;
  0.150588 0.431280 0.000000;
  0.147451 0.430465 0.000000;
  0.144314 0.429650 0.000000;
  0.141176 0.428835 0.000000;
  0.138039 0.428020 0.000000;
  0.134902 0.427205 0.000000;
  0.131765 0.426390 0.000000;
  0.128627 0.425575 0.000000;
  0.125490 0.424760 0.000000;
  0.122353 0.423945 0.000000;
  0.119216 0.423130 0.000000;
  0.116078 0.422314 0.000000;
  0.112941 0.421499 0.000000;
  0.109804 0.420684 0.000000;
  0.106667 0.419869 0.000000;
  0.103529 0.419054 0.000000;
  0.100392 0.418239 0.000000;
  0.097255 0.417424 0.000000;
  0.094118 0.416609 0.000000;
  0.090980 0.415794 0.000000;
  0.087843 0.414979 0.000000;
  0.084706 0.414164 0.000000;
  0.081569 0.413349 0.000000;
  0.078431 0.412534 0.000000;
  0.075294 0.411719 0.000000;
  0.072157 0.410903 0.000000;
  0.069020 0.410088 0.000000;
  0.065882 0.409273 0.000000;
  0.062745 0.408458 0.000000;
  0.059608 0.407643 0.000000;
  0.056471 0.406828 0.000000;
  0.053333 0.406013 0.000000;
  0.050196 0.405198 0.000000;
  0.047059 0.404383 0.000000;
  0.043922 0.403568 0.000000;
  0.040784 0.402753 0.000000;
  0.037647 0.401938 0.000000;
  0.034510 0.401123 0.000000;
  0.031373 0.400308 0.000000;
  0.028235 0.399493 0.000000;
  0.025098 0.398677 0.000000;
  0.021961 0.397862 0.000000;
  0.018824 0.397047 0.000000;
  0.015686 0.396232 0.000000;
  0.012549 0.395417 0.000000;
  0.009412 0.394602 0.000000;
  0.006275 0.393787 0.000000;
  0.003137 0.392972 0.000000;
  0.000000 0.392157 0.000000;
]
