[0.396078 0.262745 0.129412;
  0.397662 0.263283 0.128904;
  0.399246 0.263822 0.128397;
  0.400830 0.264360 0.127889;
  0.402414 0.264898 0.127382;
  0.403998 0.265436 0.126874;
  0.405582 0.265975 0.126367;
  0.407166 0.266513 0.125859;
  0.408750 0.267051 0.125352;
  0.410334 0.267589 0.124844;
  0.411918 0.268128 0.124337;
  0.413502 0.268666 0.123829;
  0.415087 0.269204 0.123322;
  0.416671 0.269742 0.122814;
  0.418255 0.270281 0.122307;
  0.419839 0.270819 0.121799;
  0.421423 0.271357 0.121292;
  0.423007 0.271895 0.120784;
  0.424591 0.272434 0.120277;
  0.426175 0.272972 0.119769;
  0.427759 0.273510 0.119262;
  0.429343 0.274048 0.118754;
  0.430927 0.274587 0.118247;
  0.432511 0.275125 0.117739;
  0.434095 0.275663 0.117232;
  0.435679 0.276201 0.116724;
  0.437263 0.276740 0.116217;
  0.438847 0.277278 0.115709;
  0.440431 0.277816 0.115202;
  0.442015 0.278354 0.114694;
  0.443599 0.278893 0.114187;
  0.445183 0.279431 0.113679;
  0.446767 0.279969 0.113172;
  0.448351 0.280507 0.112664;
  0.449935 0.281046 0.112157;
  0.451519 0.281584 0.111649;
  0.453103 0.282122 0.111142;
  0.454687 0.282661 0.110634;
  0.456271 0.283199 0.110127;
  0.457855 0.283737 0.109619;
  0.459439 0.284275 0.109112;
  0.461023 0.284814 0.108604;
  0.462607 0.285352 0.108097;
  0.464191 0.285890 0.107589;
  0.465775 0.286428 0.107082;
  0.467359 0.286967 0.106574;
  0.468943 0.287505 0.106067;
  0.470527 0.288043 0.105559;
  0.472111 0.288581 0.105052;
  0.473695 0.289120 0.104544;
  0.475279 0.289658 0.104037;
  0.476863 0.290196 0.103529;
  0.478447 0.290734 0.103022;
  0.480031 0.291273 0.102514;
  0.481615 0.291811 0.102007;
  0.483199 0.292349 0.101499;
  0.484783 0.292887 0.100992;
  0.486367 0.293426 0.100484;
  0.487951 0.293964 0.099977;
  0.489535 0.294502 0.099469;
  0.491119 0.295040 0.098962;
  0.492703 0.295579 0.098454;
  0.494287 0.296117 0.097947;
  0.495871 0.296655 0.097439;
  0.497455 0.297193 0.096932;
  0.499039 0.297732 0.096424;
  0.500623 0.298270 0.095917;
  0.502207 0.298808 0.095409;
  0.503791 0.299346 0.094902;
  0.505375 0.299885 0.094394;
  0.506959 0.300423 0.093887;
  0.508543 0.300961 0.093379;
  0.510127 0.301499 0.092872;
  0.511711 0.302038 0.092364;
  0.513295 0.302576 0.091857;
  0.514879 0.303114 0.091349;
  0.516463 0.303652 0.090842;
  0.518047 0.304191 0.090334;
  0.519631 0.304729 0.089827;
  0.521215 0.305267 0.089319;
  0.522799 0.305805 0.088812;
  0.524383 0.306344 0.088304;
  0.525967 0.306882 0.087797;
  0.527551 0.307420 0.087290;
  0.529135 0.307958 0.086782;
  0.530719 0.308497 0.086275;
  0.532303 0.309035 0.085767;
  0.533887 0.309573 0.085260;
  0.535471 0.310111 0.084752;
  0.537055 0.310650 0.084245;
  0.538639 0.311188 0.083737;
  0.540223 0.311726 0.083230;
  0.541807 0.312265 0.082722;
  0.543391 0.312803 0.082215;
  0.544975 0.313341 0.081707;
  0.546559 0.313879 0.081200;
  0.548143 0.314418 0.080692;
  0.549727 0.314956 0.080185;
  0.551311 0.315494 0.079677;
  0.552895 0.316032 0.079170;
  0.554479 0.316571 0.078662;
  0.556063 0.317109 0.078155;
  0.557647 0.317647 0.077647;
  0.559231 0.318185 0.077140;
  0.560815 0.318724 0.076632;
  0.562399 0.319262 0.076125;
  0.563983 0.319800 0.075617;
  0.565567 0.320338 0.075110;
  0.567151 0.320877 0.074602;
  0.568735 0.321415 0.074095;
  0.570319 0.321953 0.073587;
  0.571903 0.322491 0.073080;
  0.573487 0.323030 0.072572;
  0.575071 0.323568 0.072065;
  0.576655 0.324106 0.071557;
  0.578239 0.324644 0.071050;
  0.579823 0.325183 0.070542;
  0.581407 0.325721 0.070035;
  0.582991 0.326259 0.069527;
  0.584575 0.326797 0.069020;
  0.586159 0.327336 0.068512;
  0.587743 0.327874 0.068005;
  0.589327 0.328412 0.067497;
  0.590911 0.328950 0.066990;
  0.592495 0.329489 0.066482;
  0.594079 0.330027 0.065975;
  0.595663 0.330565 0.065467;
  0.597247 0.331103 0.064960;
  0.598831 0.331642 0.064452;
  0.600415 0.332180 0.063945;
  0.601999 0.332718 0.063437;
  0.603583 0.333256 0.062930;
  0.605167 0.333795 0.062422;
  0.606751 0.334333 0.061915;
  0.608335 0.334871 0.061407;
  0.609919 0.335409 0.060900;
  0.611503 0.335948 0.060392;
  0.613087 0.336486 0.059885;
  0.614671 0.337024 0.059377;
  0.616255 0.337562 0.058870;
  0.617839 0.338101 0.058362;
  0.619423 0.338639 0.057855;
  0.621007 0.339177 0.057347;
  0.622591 0.339715 0.056840;
  0.624175 0.340254 0.056332;
  0.625759 0.340792 0.055825;
  0.627343 0.341330 0.055317;
  0.628927 0.341869 0.054810;
  0.630511 0.342407 0.054302;
  0.632095 0.342945 0.053795;
  0.633679 0.343483 0.053287;
  0.635263 0.344022 0.052780;
  0.636847 0.344560 0.052272;
  0.638431 0.345098 0.051765;
  0.640015 0.345636 0.051257;
  0.641599 0.346175 0.050750;
  0.643183 0.346713 0.050242;
  0.644767 0.347251 0.049735;
  0.646351 0.347789 0.049227;
  0.647935 0.348328 0.048720;
  0.649519 0.348866 0.048212;
  0.651103 0.349404 0.047705;
  0.652687 0.349942 0.047197;
  0.654271 0.350481 0.046690;
  0.655855 0.351019 0.046182;
  0.657439 0.351557 0.045675;
  0.659023 0.352095 0.045167;
  0.660607 0.352634 0.044660;
  0.662191 0.353172 0.044152;
  0.663775 0.353710 0.043645;
  0.665359 0.354248 0.043137;
  0.666943 0.354787 0.042630;
  0.668527 0.355325 0.042122;
  0.670111 0.355863 0.041615;
  0.671696 0.356401 0.041107;
  0.673280 0.356940 0.040600;
  0.674864 0.357478 0.040092;
  0.676448 0.358016 0.039585;
  0.678032 0.358554 0.039077;
  0.679616 0.359093 0.038570;
  0.681200 0.359631 0.038062;
  0.682784 0.360169 0.037555;
  0.684368 0.360707 0.037047;
  0.685952 0.361246 0.036540;
  0.687536 0.361784 0.036032;
  0.689120 0.362322 0.035525;
  0.690704 0.362860 0.035017;
  0.692288 0.363399 0.034510;
  0.693872 0.363937 0.034002;
  0.695456 0.364475 0.033495;
  0.697040 0.365013 0.032987;
  0.698624 0.365552 0.032480;
  0.700208 0.366090 0.031972;
  0.701792 0.366628 0.031465;
  0.703376 0.367166 0.030957;
  0.704960 0.367705 0.030450;
  0.706544 0.368243 0.029942;
  0.708128 0.368781 0.029435;
  0.709712 0.369319 0.028927;
  0.711296 0.369858 0.028420;
  0.712880 0.370396 0.027912;
  0.714464 0.370934 0.027405;
  0.716048 0.371473 0.026897;
  0.717632 0.372011 0.026390;
  0.719216 0.372549 0.025882;
  0.720800 0.373087 0.025375;
  0.722384 0.373626 0.024867;
  0.723968 0.374164 0.024360;
  0.725552 0.374702 0.023852;
  0.727136 0.375240 0.023345;
  0.728720 0.375779 0.022837;
  0.730304 0.376317 0.022330;
  0.731888 0.376855 0.021822;
  0.733472 0.377393 0.021315;
  0.735056 0.377932 0.020807;
  0.736640 0.378470 0.020300;
  0.738224 0.379008 0.019792;
  0.739808 0.379546 0.019285;
  0.741392 0.380085 0.018777;
  0.742976 0.380623 0.018270;
  0.744560 0.381161 0.017762;
  0.746144 0.381699 0.017255;
  0.747728 0.382238 0.016747;
  0.749312 0.382776 0.016240;
  0.750896 0.383314 0.015732;
  0.752480 0.383852 0.015225;
  0.754064 0.384391 0.014717;
  0.755648 0.384929 0.014210;
  0.757232 0.385467 0.013702;
  0.758816 0.386005 0.013195;
  0.760400 0.386544 0.012687;
  0.761984 0.387082 0.012180;
  0.763568 0.387620 0.011672;
  0.765152 0.388158 0.011165;
  0.766736 0.388697 0.010657;
  0.768320 0.389235 0.010150;
  0.769904 0.389773 0.009642;
  0.771488 0.390311 0.009135;
  0.773072 0.390850 0.008627;
  0.774656 0.391388 0.008120;
  0.776240 0.391926 0.007612;
  0.777824 0.392464 0.007105;
  0.779408 0.393003 0.006597;
  0.780992 0.393541 0.006090;
  0.782576 0.394079 0.005582;
  0.784160 0.394617 0.005075;
  0.785744 0.395156 0.004567;
  0.787328 0.395694 0.004060;
  0.788912 0.396232 0.003552;
  0.790496 0.396770 0.003045;
  0.792080 0.397309 0.002537;
  0.793664 0.397847 0.002030;
  0.795248 0.398385 0.001522;
  0.796832 0.398923 0.001015;
  0.798416 0.399462 0.000507;
  0.800000 0.400000 0.000000;


0.267004 0.004874 0.329415;
0.268510 0.009605 0.335427;
0.269944 0.014625 0.341379;
0.271305 0.019942 0.347269;
0.272594 0.025563 0.353093;
0.273809 0.031497 0.358853;
0.274952 0.037752 0.364543;
0.276022 0.044167 0.370164;
0.277018 0.050344 0.375715;
0.277941 0.056324 0.381191;
0.278791 0.062145 0.386592;
0.279566 0.067836 0.391917;
0.280267 0.073417 0.397163;
0.280894 0.078907 0.402329;
0.281446 0.084320 0.407414;
0.281924 0.089666 0.412415;
0.282327 0.094955 0.417331;
0.282656 0.100196 0.422160;
0.282910 0.105393 0.426902;
0.283091 0.110553 0.431554;
0.283197 0.115680 0.436115;
0.283229 0.120777 0.440584;
0.283187 0.125848 0.444960;
0.283072 0.130895 0.449241;
0.282884 0.135920 0.453427;
0.282623 0.140926 0.457517;
0.282290 0.145912 0.461510;
0.281887 0.150881 0.465405;
0.281412 0.155834 0.469201;
0.280868 0.160771 0.472899;
0.280255 0.165693 0.476498;
0.279574 0.170599 0.479997;
0.278826 0.175490 0.483397;
0.278012 0.180367 0.486697;
0.277134 0.185228 0.489898;
0.276194 0.190074 0.493001;
0.275191 0.194905 0.496005;
0.274128 0.199721 0.498911;
0.273006 0.204520 0.501721;
0.271828 0.209303 0.504434;
0.270595 0.214069 0.507052;
0.269308 0.218818 0.509577;
0.267968 0.223549 0.512008;
0.266580 0.228262 0.514349;
0.265145 0.232956 0.516599;
0.263663 0.237631 0.518762;
0.262138 0.242286 0.520837;
0.260571 0.246922 0.522828;
0.258965 0.251537 0.524736;
0.257322 0.256130 0.526563;
0.255645 0.260703 0.528312;
0.253935 0.265254 0.529983;
0.252194 0.269783 0.531579;
0.250425 0.274290 0.533103;
0.248629 0.278775 0.534556;
0.246811 0.283237 0.535941;
0.244972 0.287675 0.537260;
0.243113 0.292092 0.538516;
0.241237 0.296485 0.539709;
0.239346 0.300855 0.540844;
0.237441 0.305202 0.541921;
0.235526 0.309527 0.542944;
0.233603 0.313828 0.543914;
0.231674 0.318106 0.544834;
0.229739 0.322361 0.545706;
0.227802 0.326594 0.546532;
0.225863 0.330805 0.547314;
0.223925 0.334994 0.548053;
0.221989 0.339161 0.548752;
0.220057 0.343307 0.549413;
0.218130 0.347432 0.550038;
0.216210 0.351535 0.550627;
0.214298 0.355619 0.551184;
0.212395 0.359683 0.551710;
0.210503 0.363727 0.552206;
0.208623 0.367752 0.552675;
0.206756 0.371758 0.553117;
0.204903 0.375746 0.553533;
0.203063 0.379716 0.553925;
0.201239 0.383670 0.554294;
0.199430 0.387607 0.554642;
0.197636 0.391528 0.554969;
0.195860 0.395433 0.555276;
0.194100 0.399323 0.555565;
0.192357 0.403199 0.555836;
0.190631 0.407061 0.556089;
0.188923 0.410910 0.556326;
0.187231 0.414746 0.556547;
0.185556 0.418570 0.556753;
0.183898 0.422383 0.556944;
0.182256 0.426184 0.557120;
0.180629 0.429975 0.557282;
0.179019 0.433756 0.557430;
0.177423 0.437527 0.557565;
0.175841 0.441290 0.557685;
0.174274 0.445044 0.557792;
0.172719 0.448791 0.557885;
0.171176 0.452530 0.557965;
0.169646 0.456262 0.558030;
0.168126 0.459988 0.558082;
0.166617 0.463708 0.558119;
0.165117 0.467423 0.558141;
0.163625 0.471133 0.558148;
0.162142 0.474838 0.558140;
0.160665 0.478540 0.558115;
0.159194 0.482237 0.558073;
0.157729 0.485932 0.558013;
0.156270 0.489624 0.557936;
0.154815 0.493313 0.557840;
0.153364 0.497000 0.557724;
0.151918 0.500685 0.557587;
0.150476 0.504369 0.557430;
0.149039 0.508051 0.557250;
0.147607 0.511733 0.557049;
0.146180 0.515413 0.556823;
0.144759 0.519093 0.556572;
0.143343 0.522773 0.556295;
0.141935 0.526453 0.555991;
0.140536 0.530132 0.555659;
0.139147 0.533812 0.555298;
0.137770 0.537492 0.554906;
0.136408 0.541173 0.554483;
0.135066 0.544853 0.554029;
0.133743 0.548535 0.553541;
0.132444 0.552216 0.553018;
0.131172 0.555899 0.552459;
0.129933 0.559582 0.551864;
0.128729 0.563265 0.551229;
0.127568 0.566949 0.550556;
0.126453 0.570633 0.549841;
0.125394 0.574318 0.549086;
0.124395 0.578002 0.548287;
0.123463 0.581687 0.547445;
0.122606 0.585371 0.546557;
0.121831 0.589055 0.545623;
0.121148 0.592739 0.544641;
0.120565 0.596422 0.543611;
0.120092 0.600104 0.542530;
0.119738 0.603785 0.541400;
0.119512 0.607464 0.540218;
0.119423 0.611141 0.538982;
0.119483 0.614817 0.537692;
0.119699 0.618490 0.536347;
0.120081 0.622161 0.534946;
0.120638 0.625828 0.533488;
0.121380 0.629492 0.531973;
0.122312 0.633153 0.530398;
0.123444 0.636809 0.528763;
0.124780 0.640461 0.527068;
0.126326 0.644107 0.525311;
0.128087 0.647749 0.523491;
0.130067 0.651384 0.521608;
0.132268 0.655014 0.519661;
0.134692 0.658636 0.517649;
0.137339 0.662252 0.515571;
0.140210 0.665859 0.513427;
0.143303 0.669459 0.511215;
0.146616 0.673050 0.508936;
0.150148 0.676631 0.506589;
0.153894 0.680203 0.504172;
0.157851 0.683765 0.501686;
0.162016 0.687316 0.499129;
0.166383 0.690856 0.496502;
0.170948 0.694384 0.493803;
0.175707 0.697900 0.491033;
0.180653 0.701402 0.488189;
0.185783 0.704891 0.485273;
0.191090 0.708366 0.482284;
0.196571 0.711827 0.479221;
0.202219 0.715272 0.476084;
0.208030 0.718701 0.472873;
0.214000 0.722114 0.469588;
0.220124 0.725509 0.466226;
0.226397 0.728888 0.462789;
0.232815 0.732247 0.459277;
0.239374 0.735588 0.455688;
0.246070 0.738910 0.452024;
0.252899 0.742211 0.448284;
0.259857 0.745492 0.444467;
0.266941 0.748751 0.440573;
0.274149 0.751988 0.436601;
0.281477 0.755203 0.432552;
0.288921 0.758394 0.428426;
0.296479 0.761561 0.424223;
0.304148 0.764704 0.419943;
0.311925 0.767822 0.415586;
0.319809 0.770914 0.411152;
0.327796 0.773980 0.406640;
0.335885 0.777018 0.402049;
0.344074 0.780029 0.397381;
0.352360 0.783011 0.392636;
0.360741 0.785964 0.387814;
0.369214 0.788888 0.382914;
0.377779 0.791781 0.377939;
0.386433 0.794644 0.372886;
0.395174 0.797475 0.367757;
0.404001 0.800275 0.362552;
0.412913 0.803041 0.357269;
0.421908 0.805774 0.351910;
0.430983 0.808473 0.346476;
0.440137 0.811138 0.340967;
0.449368 0.813768 0.335384;
0.458674 0.816363 0.329727;
0.468053 0.818921 0.323998;
0.477504 0.821444 0.318195;
0.487026 0.823929 0.312321;
0.496615 0.826376 0.306377;
0.506271 0.828786 0.300362;
0.515992 0.831158 0.294279;
0.525776 0.833491 0.288127;
0.535621 0.835785 0.281908;
0.545524 0.838039 0.275626;
0.555484 0.840254 0.269281;
0.565498 0.842430 0.262877;
0.575563 0.844566 0.256415;
0.585678 0.846661 0.249897;
0.595839 0.848717 0.243329;
0.606045 0.850733 0.236712;
0.616293 0.852709 0.230052;
0.626579 0.854645 0.223353;
0.636902 0.856542 0.216620;
0.647257 0.858400 0.209861;
0.657642 0.860219 0.203082;
0.668054 0.861999 0.196293;
0.678489 0.863742 0.189503;
0.688944 0.865448 0.182725;
0.699415 0.867117 0.175971;
0.709898 0.868751 0.169257;
0.720391 0.870350 0.162603;
0.730889 0.871916 0.156029;
0.741388 0.873449 0.149561;
0.751884 0.874951 0.143228;
0.762373 0.876424 0.137064;
0.772852 0.877868 0.131109;
0.783315 0.879285 0.125405;
0.793760 0.880678 0.120005;
0.804182 0.882046 0.114965;
0.814576 0.883393 0.110347;
0.824940 0.884720 0.106217;
0.835270 0.886029 0.102646;
0.845561 0.887322 0.099702;
0.855810 0.888601 0.097452;
0.866013 0.889868 0.095953;
0.876168 0.891125 0.095250;
0.886271 0.892374 0.095374;
0.896320 0.893616 0.096335;
0.906311 0.894855 0.098125;
0.916242 0.896091 0.100717;
0.926106 0.897330 0.104071;
0.935904 0.898570 0.108131;
0.945636 0.899815 0.112838;
0.955300 0.901065 0.118128;
0.964894 0.902323 0.123941;
0.974417 0.903590 0.130215;
0.983868 0.904867 0.136897;
0.993248 0.906157 0.143936;
]

