[
  0.396078 0.262745 0.129412;
  0.397662 0.263283 0.128904;
  0.399246 0.263822 0.128397;
  0.400830 0.264360 0.127889;
  0.402414 0.264898 0.127382;
  0.403998 0.265436 0.126874;
  0.405582 0.265975 0.126367;
  0.407166 0.266513 0.125859;
  0.408750 0.267051 0.125352;
  0.410334 0.267589 0.124844;
  0.411918 0.268128 0.124337;
  0.413502 0.268666 0.123829;
  0.415087 0.269204 0.123322;
  0.416671 0.269742 0.122814;
  0.418255 0.270281 0.122307;
  0.419839 0.270819 0.121799;
  0.421423 0.271357 0.121292;
  0.423007 0.271895 0.120784;
  0.424591 0.272434 0.120277;
  0.426175 0.272972 0.119769;
  0.427759 0.273510 0.119262;
  0.429343 0.274048 0.118754;
  0.430927 0.274587 0.118247;
  0.432511 0.275125 0.117739;
  0.434095 0.275663 0.117232;
  0.435679 0.276201 0.116724;
  0.437263 0.276740 0.116217;
  0.438847 0.277278 0.115709;
  0.440431 0.277816 0.115202;
  0.442015 0.278354 0.114694;
  0.443599 0.278893 0.114187;
  0.445183 0.279431 0.113679;
  0.446767 0.279969 0.113172;
  0.448351 0.280507 0.112664;
  0.449935 0.281046 0.112157;
  0.451519 0.281584 0.111649;
  0.453103 0.282122 0.111142;
  0.454687 0.282661 0.110634;
  0.456271 0.283199 0.110127;
  0.457855 0.283737 0.109619;
  0.459439 0.284275 0.109112;
  0.461023 0.284814 0.108604;
  0.462607 0.285352 0.108097;
  0.464191 0.285890 0.107589;
  0.465775 0.286428 0.107082;
  0.467359 0.286967 0.106574;
  0.468943 0.287505 0.106067;
  0.470527 0.288043 0.105559;
  0.472111 0.288581 0.105052;
  0.473695 0.289120 0.104544;
  0.475279 0.289658 0.104037;
  0.476863 0.290196 0.103529;
  0.478447 0.290734 0.103022;
  0.480031 0.291273 0.102514;
  0.481615 0.291811 0.102007;
  0.483199 0.292349 0.101499;
  0.484783 0.292887 0.100992;
  0.486367 0.293426 0.100484;
  0.487951 0.293964 0.099977;
  0.489535 0.294502 0.099469;
  0.491119 0.295040 0.098962;
  0.492703 0.295579 0.098454;
  0.494287 0.296117 0.097947;
  0.495871 0.296655 0.097439;
  0.497455 0.297193 0.096932;
  0.499039 0.297732 0.096424;
  0.500623 0.298270 0.095917;
  0.502207 0.298808 0.095409;
  0.503791 0.299346 0.094902;
  0.505375 0.299885 0.094394;
  0.506959 0.300423 0.093887;
  0.508543 0.300961 0.093379;
  0.510127 0.301499 0.092872;
  0.511711 0.302038 0.092364;
  0.513295 0.302576 0.091857;
  0.514879 0.303114 0.091349;
  0.516463 0.303652 0.090842;
  0.518047 0.304191 0.090334;
  0.519631 0.304729 0.089827;
  0.521215 0.305267 0.089319;
  0.522799 0.305805 0.088812;
  0.524383 0.306344 0.088304;
  0.525967 0.306882 0.087797;
  0.527551 0.307420 0.087290;
  0.529135 0.307958 0.086782;
  0.530719 0.308497 0.086275;
  0.532303 0.309035 0.085767;
  0.533887 0.309573 0.085260;
  0.535471 0.310111 0.084752;
  0.537055 0.310650 0.084245;
  0.538639 0.311188 0.083737;
  0.540223 0.311726 0.083230;
  0.541807 0.312265 0.082722;
  0.543391 0.312803 0.082215;
  0.544975 0.313341 0.081707;
  0.546559 0.313879 0.081200;
  0.548143 0.314418 0.080692;
  0.549727 0.314956 0.080185;
  0.551311 0.315494 0.079677;
  0.552895 0.316032 0.079170;
  0.554479 0.316571 0.078662;
  0.556063 0.317109 0.078155;
  0.557647 0.317647 0.077647;
  0.559231 0.318185 0.077140;
  0.560815 0.318724 0.076632;
  0.562399 0.319262 0.076125;
  0.563983 0.319800 0.075617;
  0.565567 0.320338 0.075110;
  0.567151 0.320877 0.074602;
  0.568735 0.321415 0.074095;
  0.570319 0.321953 0.073587;
  0.571903 0.322491 0.073080;
  0.573487 0.323030 0.072572;
  0.575071 0.323568 0.072065;
  0.576655 0.324106 0.071557;
  0.578239 0.324644 0.071050;
  0.579823 0.325183 0.070542;
  0.581407 0.325721 0.070035;
  0.582991 0.326259 0.069527;
  0.584575 0.326797 0.069020;
  0.586159 0.327336 0.068512;
  0.587743 0.327874 0.068005;
  0.589327 0.328412 0.067497;
  0.590911 0.328950 0.066990;
  0.592495 0.329489 0.066482;
  0.594079 0.330027 0.065975;
  0.595663 0.330565 0.065467;
  0.597247 0.331103 0.064960;
  0.598831 0.331642 0.064452;
  0.600415 0.332180 0.063945;
  0.601999 0.332718 0.063437;
  0.603583 0.333256 0.062930;
  0.605167 0.333795 0.062422;
  0.606751 0.334333 0.061915;
  0.608335 0.334871 0.061407;
  0.609919 0.335409 0.060900;
  0.611503 0.335948 0.060392;
  0.613087 0.336486 0.059885;
  0.614671 0.337024 0.059377;
  0.616255 0.337562 0.058870;
  0.617839 0.338101 0.058362;
  0.619423 0.338639 0.057855;
  0.621007 0.339177 0.057347;
  0.622591 0.339715 0.056840;
  0.624175 0.340254 0.056332;
  0.625759 0.340792 0.055825;
  0.627343 0.341330 0.055317;
  0.628927 0.341869 0.054810;
  0.630511 0.342407 0.054302;
  0.632095 0.342945 0.053795;
  0.633679 0.343483 0.053287;
  0.635263 0.344022 0.052780;
  0.636847 0.344560 0.052272;
  0.638431 0.345098 0.051765;
  0.640015 0.345636 0.051257;
  0.641599 0.346175 0.050750;
  0.643183 0.346713 0.050242;
  0.644767 0.347251 0.049735;
  0.646351 0.347789 0.049227;
  0.647935 0.348328 0.048720;
  0.649519 0.348866 0.048212;
  0.651103 0.349404 0.047705;
  0.652687 0.349942 0.047197;
  0.654271 0.350481 0.046690;
  0.655855 0.351019 0.046182;
  0.657439 0.351557 0.045675;
  0.659023 0.352095 0.045167;
  0.660607 0.352634 0.044660;
  0.662191 0.353172 0.044152;
  0.663775 0.353710 0.043645;
  0.665359 0.354248 0.043137;
  0.666943 0.354787 0.042630;
  0.668527 0.355325 0.042122;
  0.670111 0.355863 0.041615;
  0.671696 0.356401 0.041107;
  0.673280 0.356940 0.040600;
  0.674864 0.357478 0.040092;
  0.676448 0.358016 0.039585;
  0.678032 0.358554 0.039077;
  0.679616 0.359093 0.038570;
  0.681200 0.359631 0.038062;
  0.682784 0.360169 0.037555;
  0.684368 0.360707 0.037047;
  0.685952 0.361246 0.036540;
  0.687536 0.361784 0.036032;
  0.689120 0.362322 0.035525;
  0.690704 0.362860 0.035017;
  0.692288 0.363399 0.034510;
  0.693872 0.363937 0.034002;
  0.695456 0.364475 0.033495;
  0.697040 0.365013 0.032987;
  0.698624 0.365552 0.032480;
  0.700208 0.366090 0.031972;
  0.701792 0.366628 0.031465;
  0.703376 0.367166 0.030957;
  0.704960 0.367705 0.030450;
  0.706544 0.368243 0.029942;
  0.708128 0.368781 0.029435;
  0.709712 0.369319 0.028927;
  0.711296 0.369858 0.028420;
  0.712880 0.370396 0.027912;
  0.714464 0.370934 0.027405;
  0.716048 0.371473 0.026897;
  0.717632 0.372011 0.026390;
  0.719216 0.372549 0.025882;
  0.720800 0.373087 0.025375;
  0.722384 0.373626 0.024867;
  0.723968 0.374164 0.024360;
  0.725552 0.374702 0.023852;
  0.727136 0.375240 0.023345;
  0.728720 0.375779 0.022837;
  0.730304 0.376317 0.022330;
  0.731888 0.376855 0.021822;
  0.733472 0.377393 0.021315;
  0.735056 0.377932 0.020807;
  0.736640 0.378470 0.020300;
  0.738224 0.379008 0.019792;
  0.739808 0.379546 0.019285;
  0.741392 0.380085 0.018777;
  0.742976 0.380623 0.018270;
  0.744560 0.381161 0.017762;
  0.746144 0.381699 0.017255;
  0.747728 0.382238 0.016747;
  0.749312 0.382776 0.016240;
  0.750896 0.383314 0.015732;
  0.752480 0.383852 0.015225;
  0.754064 0.384391 0.014717;
  0.755648 0.384929 0.014210;
  0.757232 0.385467 0.013702;
  0.758816 0.386005 0.013195;
  0.760400 0.386544 0.012687;
  0.761984 0.387082 0.012180;
  0.763568 0.387620 0.011672;
  0.765152 0.388158 0.011165;
  0.766736 0.388697 0.010657;
  0.768320 0.389235 0.010150;
  0.769904 0.389773 0.009642;
  0.771488 0.390311 0.009135;
  0.773072 0.390850 0.008627;
  0.774656 0.391388 0.008120;
  0.776240 0.391926 0.007612;
  0.777824 0.392464 0.007105;
  0.779408 0.393003 0.006597;
  0.780992 0.393541 0.006090;
  0.782576 0.394079 0.005582;
  0.784160 0.394617 0.005075;
  0.785744 0.395156 0.004567;
  0.787328 0.395694 0.004060;
  0.788912 0.396232 0.003552;
  0.790496 0.396770 0.003045;
  0.792080 0.397309 0.002537;
  0.793664 0.397847 0.002030;
  0.795248 0.398385 0.001522;
  0.796832 0.398923 0.001015;
  0.798416 0.399462 0.000507;
  0.800000 0.400000 0.000000;
]
