[
0.000000 1.000000 1.000000;
0.000000 0.988764 0.994382;
0.000000 0.977528 0.988764;
0.000000 0.966292 0.983146;
0.000000 0.955056 0.977528;
0.000000 0.943820 0.971910;
0.000000 0.932584 0.966292;
0.000000 0.921348 0.960674;
0.000000 0.910112 0.955056;
0.000000 0.898876 0.949438;
0.000000 0.887640 0.943820;
0.000000 0.876404 0.938202;
0.000000 0.865169 0.932584;
0.000000 0.853933 0.926966;
0.000000 0.842697 0.921348;
0.000000 0.831461 0.915730;
0.000000 0.820225 0.910112;
0.000000 0.808989 0.904494;
0.000000 0.797753 0.898876;
0.000000 0.786517 0.893258;
0.000000 0.775281 0.887640;
0.000000 0.764045 0.882022;
0.000000 0.752809 0.876404;
0.000000 0.741573 0.870787;
0.000000 0.730337 0.865169;
0.000000 0.719101 0.859551;
0.000000 0.707865 0.853933;
0.000000 0.696629 0.848315;
0.000000 0.685393 0.842697;
0.000000 0.674157 0.837079;
0.000000 0.662921 0.831461;
0.000000 0.651685 0.825843;
0.000000 0.640449 0.820225;
0.000000 0.629213 0.814607;
0.000000 0.617978 0.808989;
0.000000 0.606742 0.803371;
0.000000 0.595506 0.797753;
0.000000 0.584270 0.792135;
0.000000 0.573034 0.786517;
0.000000 0.561798 0.780899;
0.000000 0.550562 0.775281;
0.000000 0.539326 0.769663;
0.000000 0.528090 0.764045;
0.000000 0.516854 0.758427;
0.000000 0.505618 0.752809;
0.000000 0.494382 0.747191;
0.000000 0.483146 0.741573;
0.000000 0.471910 0.735955;
0.000000 0.460674 0.730337;
0.000000 0.449438 0.724719;
0.000000 0.438202 0.719101;
0.000000 0.426966 0.713483;
0.000000 0.415730 0.707865;
0.000000 0.404494 0.702247;
0.000000 0.393258 0.696629;
0.000000 0.382022 0.691011;
0.000000 0.370787 0.685393;
0.000000 0.359551 0.679775;
0.000000 0.348315 0.674157;
0.000000 0.337079 0.668539;
0.000000 0.325843 0.662921;
0.000000 0.314607 0.657303;
0.000000 0.303371 0.651685;
0.000000 0.292135 0.646067;
0.000000 0.280899 0.640449;
0.000000 0.269663 0.634831;
0.000000 0.258427 0.629213;
0.000000 0.247191 0.623596;
0.000000 0.235955 0.617978;
0.000000 0.224719 0.612360;
0.000000 0.213483 0.606742;
0.000000 0.202247 0.601124;
0.000000 0.191011 0.595506;
0.000000 0.179775 0.589888;
0.000000 0.168539 0.584270;
0.000000 0.157303 0.578652;
0.000000 0.146067 0.573034;
0.000000 0.134831 0.567416;
0.000000 0.123596 0.561798;
0.000000 0.112360 0.556180;
0.000000 0.101124 0.550562;
0.000000 0.089888 0.544944;
0.000000 0.078652 0.539326;
0.000000 0.067416 0.533708;
0.000000 0.056180 0.528090;
0.000000 0.044944 0.522472;
0.000000 0.033708 0.516854;
0.000000 0.022472 0.511236;
0.000000 0.011236 0.505618;
0.000000 0.000000 0.500000;
0.600000 0.500000 0.700000;
0.600000 0.500000 0.700000;
0.600000 0.500000 0.700000;
0.600000 0.500000 0.700000;
0.600000 0.500000 0.700000;
0.600000 0.500000 0.700000;
0.600000 0.500000 0.700000;
0.600000 0.500000 0.700000;
0.600000 0.500000 0.700000;
0.600000 0.500000 0.700000;
0.600000 0.500000 0.700000;
0.600000 0.500000 0.700000;
0.600000 0.500000 0.700000;
0.600000 0.500000 0.700000;
0.600000 0.500000 0.700000;
0.600000 0.500000 0.700000;
0.600000 0.500000 0.700000;
0.600000 0.500000 0.700000;
0.600000 0.500000 0.700000;
0.600000 0.500000 0.700000;
0.600000 0.500000 0.700000;
0.600000 0.500000 0.700000;
0.600000 0.500000 0.700000;
0.600000 0.500000 0.700000;
0.600000 0.500000 0.700000;
0.600000 0.500000 0.700000;
0.600000 0.500000 0.700000;
0.600000 0.500000 0.700000;
0.600000 0.500000 0.700000;
0.600000 0.500000 0.700000;
0.600000 0.500000 0.700000;
0.600000 0.500000 0.700000;
0.600000 0.500000 0.700000;
0.600000 0.500000 0.700000;
0.600000 0.500000 0.700000;
0.600000 0.500000 0.700000;
0.600000 0.500000 0.700000;
0.600000 0.500000 0.700000;
0.700000 0.500000 0.300000;
0.700000 0.500000 0.300000;
0.700000 0.500000 0.300000;
0.700000 0.500000 0.300000;
0.700000 0.500000 0.300000;
0.700000 0.500000 0.300000;
0.700000 0.500000 0.300000;
0.700000 0.500000 0.300000;
0.700000 0.500000 0.300000;
0.700000 0.500000 0.300000;
0.700000 0.500000 0.300000;
0.700000 0.500000 0.300000;
0.700000 0.500000 0.300000;
0.700000 0.500000 0.300000;
0.700000 0.500000 0.300000;
0.700000 0.500000 0.300000;
0.700000 0.500000 0.300000;
0.700000 0.500000 0.300000;
0.700000 0.500000 0.300000;
0.700000 0.500000 0.300000;
0.700000 0.500000 0.300000;
0.700000 0.500000 0.300000;
0.700000 0.500000 0.300000;
0.700000 0.500000 0.300000;
0.700000 0.500000 0.300000;
0.700000 0.500000 0.300000;
0.700000 0.500000 0.300000;
0.700000 0.500000 0.300000;
0.700000 0.500000 0.300000;
0.700000 0.500000 0.300000;
0.700000 0.500000 0.300000;
0.700000 0.500000 0.300000;
0.700000 0.500000 0.300000;
0.700000 0.500000 0.300000;
0.700000 0.500000 0.300000;
0.700000 0.500000 0.300000;
0.700000 0.500000 0.300000;
0.700000 0.500000 0.300000;
0.800000 0.000000 0.000000;
0.802247 0.011236 0.000000;
0.804494 0.022472 0.000000;
0.806742 0.033708 0.000000;
0.808989 0.044944 0.000000;
0.811236 0.056180 0.000000;
0.813483 0.067416 0.000000;
0.815730 0.078652 0.000000;
0.817978 0.089888 0.000000;
0.820225 0.101124 0.000000;
0.822472 0.112360 0.000000;
0.824719 0.123596 0.000000;
0.826966 0.134831 0.000000;
0.829213 0.146067 0.000000;
0.831461 0.157303 0.000000;
0.833708 0.168539 0.000000;
0.835955 0.179775 0.000000;
0.838202 0.191011 0.000000;
0.840449 0.202247 0.000000;
0.842697 0.213483 0.000000;
0.844944 0.224719 0.000000;
0.847191 0.235955 0.000000;
0.849438 0.247191 0.000000;
0.851685 0.258427 0.000000;
0.853933 0.269663 0.000000;
0.856180 0.280899 0.000000;
0.858427 0.292135 0.000000;
0.860674 0.303371 0.000000;
0.862921 0.314607 0.000000;
0.865169 0.325843 0.000000;
0.867416 0.337079 0.000000;
0.869663 0.348315 0.000000;
0.871910 0.359551 0.000000;
0.874157 0.370787 0.000000;
0.876404 0.382022 0.000000;
0.878652 0.393258 0.000000;
0.880899 0.404494 0.000000;
0.883146 0.415730 0.000000;
0.885393 0.426966 0.000000;
0.887640 0.438202 0.000000;
0.889888 0.449438 0.000000;
0.892135 0.460674 0.000000;
0.894382 0.471910 0.000000;
0.896629 0.483146 0.000000;
0.898876 0.494382 0.000000;
0.901124 0.505618 0.000000;
0.903371 0.516854 0.000000;
0.905618 0.528090 0.000000;
0.907865 0.539326 0.000000;
0.910112 0.550562 0.000000;
0.912360 0.561798 0.000000;
0.914607 0.573034 0.000000;
0.916854 0.584270 0.000000;
0.919101 0.595506 0.000000;
0.921348 0.606742 0.000000;
0.923596 0.617978 0.000000;
0.925843 0.629213 0.000000;
0.928090 0.640449 0.000000;
0.930337 0.651685 0.000000;
0.932584 0.662921 0.000000;
0.934831 0.674157 0.000000;
0.937079 0.685393 0.000000;
0.939326 0.696629 0.000000;
0.941573 0.707865 0.000000;
0.943820 0.719101 0.000000;
0.946067 0.730337 0.000000;
0.948315 0.741573 0.000000;
0.950562 0.752809 0.000000;
0.952809 0.764045 0.000000;
0.955056 0.775281 0.000000;
0.957303 0.786517 0.000000;
0.959551 0.797753 0.000000;
0.961798 0.808989 0.000000;
0.964045 0.820225 0.000000;
0.966292 0.831461 0.000000;
0.968539 0.842697 0.000000;
0.970787 0.853933 0.000000;
0.973034 0.865169 0.000000;
0.975281 0.876404 0.000000;
0.977528 0.887640 0.000000;
0.979775 0.898876 0.000000;
0.982022 0.910112 0.000000;
0.984270 0.921348 0.000000;
0.986517 0.932584 0.000000;
0.988764 0.943820 0.000000;
0.991011 0.955056 0.000000;
0.993258 0.966292 0.000000;
0.995506 0.977528 0.000000;
0.997753 0.988764 0.000000;
1.000000 1.000000 0.000000]
