[
  0.508100 0.266300 0.629200;
  0.504887 0.267353 0.628970;
  0.501673 0.268406 0.628740;
  0.498460 0.269458 0.628510;
  0.495246 0.270511 0.628280;
  0.492033 0.271564 0.628050;
  0.488820 0.272617 0.627820;
  0.485606 0.273669 0.627591;
  0.482393 0.274722 0.627361;
  0.479180 0.275775 0.627131;
  0.475966 0.276828 0.626901;
  0.472753 0.277880 0.626671;
  0.469539 0.278933 0.626441;
  0.466326 0.279986 0.626211;
  0.463113 0.281039 0.625981;
  0.459899 0.282091 0.625751;
  0.456686 0.283144 0.625521;
  0.453472 0.284197 0.625291;
  0.450259 0.285250 0.625061;
  0.447046 0.286302 0.624831;
  0.443832 0.287355 0.624602;
  0.440619 0.288408 0.624372;
  0.437406 0.289461 0.624142;
  0.434192 0.290513 0.623912;
  0.430979 0.291566 0.623682;
  0.427765 0.292619 0.623452;
  0.424552 0.293672 0.623222;
  0.421339 0.294724 0.622992;
  0.418125 0.295777 0.622762;
  0.414912 0.296830 0.622532;
  0.411698 0.297883 0.622302;
  0.408485 0.298935 0.622072;
  0.405272 0.299988 0.621843;
  0.402058 0.301041 0.621613;
  0.398845 0.302094 0.621383;
  0.395631 0.303146 0.621153;
  0.392418 0.304199 0.620923;
  0.389205 0.305252 0.620693;
  0.385991 0.306305 0.620463;
  0.382778 0.307357 0.620233;
  0.379565 0.308410 0.620003;
  0.376351 0.309463 0.619773;
  0.373138 0.310516 0.619543;
  0.369924 0.311569 0.619313;
  0.366711 0.312621 0.619083;
  0.363498 0.313674 0.618854;
  0.360284 0.314727 0.618624;
  0.357071 0.315780 0.618394;
  0.353857 0.316832 0.618164;
  0.350644 0.317885 0.617934;
  0.347431 0.318938 0.617704;
  0.344217 0.319991 0.617474;
  0.341004 0.321043 0.617244;
  0.337791 0.322096 0.617014;
  0.334577 0.323149 0.616784;
  0.331364 0.324202 0.616554;
  0.328150 0.325254 0.616324;
  0.324937 0.326307 0.616094;
  0.321724 0.327360 0.615865;
  0.318510 0.328413 0.615635;
  0.315297 0.329465 0.615405;
  0.312083 0.330518 0.615175;
  0.308870 0.331571 0.614945;
  0.305657 0.332624 0.614715;
  0.302443 0.333676 0.614485;
  0.299230 0.334729 0.614255;
  0.296017 0.335782 0.614025;
  0.292803 0.336835 0.613795;
  0.289590 0.337887 0.613565;
  0.286376 0.338940 0.613335;
  0.283163 0.339993 0.613106;
  0.279950 0.341046 0.612876;
  0.276736 0.342098 0.612646;
  0.273523 0.343151 0.612416;
  0.270309 0.344204 0.612186;
  0.267096 0.345257 0.611956;
  0.263883 0.346309 0.611726;
  0.260669 0.347362 0.611496;
  0.257456 0.348415 0.611266;
  0.254243 0.349468 0.611036;
  0.251029 0.350520 0.610806;
  0.247816 0.351573 0.610576;
  0.244602 0.352626 0.610346;
  0.241389 0.353679 0.610117;
  0.238176 0.354731 0.609887;
  0.234962 0.355784 0.609657;
  0.231749 0.356837 0.609427;
  0.228535 0.357890 0.609197;
  0.225322 0.358943 0.608967;
  0.222109 0.359995 0.608737;
  0.218895 0.361048 0.608507;
  0.215682 0.362101 0.608277;
  0.212469 0.363154 0.608047;
  0.209255 0.364206 0.607817;
  0.206042 0.365259 0.607587;
  0.202828 0.366312 0.607357;
  0.199615 0.367365 0.607128;
  0.196402 0.368417 0.606898;
  0.193188 0.369470 0.606668;
  0.189975 0.370523 0.606438;
  0.186761 0.371576 0.606208;
  0.183548 0.372628 0.605978;
  0.180335 0.373681 0.605748;
  0.177121 0.374734 0.605518;
  0.173908 0.375787 0.605288;
  0.170694 0.376839 0.605058;
  0.167481 0.377892 0.604828;
  0.164268 0.378945 0.604598;
  0.161054 0.379998 0.604369;
  0.157841 0.381050 0.604139;
  0.154628 0.382103 0.603909;
  0.151414 0.383156 0.603679;
  0.148201 0.384209 0.603449;
  0.144987 0.385261 0.603219;
  0.141774 0.386314 0.602989;
  0.138561 0.387367 0.602759;
  0.135347 0.388420 0.602529;
  0.132134 0.389472 0.602299;
  0.128920 0.390525 0.602069;
  0.125707 0.391578 0.601839;
  0.122494 0.392631 0.601609;
  0.119280 0.393683 0.601380;
  0.116067 0.394736 0.601150;
  0.112854 0.395789 0.600920;
  0.109640 0.396842 0.600690;
  0.106427 0.397894 0.600460;
  0.103213 0.398947 0.600230;
  0.100000 0.400000 0.600000;
  0.100000 0.400000 0.600000;
  0.101485 0.402838 0.599104;
  0.102970 0.405676 0.598208;
  0.104455 0.408513 0.597312;
  0.105940 0.411351 0.596416;
  0.107425 0.414189 0.595520;
  0.108910 0.417027 0.594624;
  0.110395 0.419865 0.593728;
  0.111880 0.422702 0.592831;
  0.113365 0.425540 0.591935;
  0.114850 0.428378 0.591039;
  0.116335 0.431216 0.590143;
  0.117820 0.434054 0.589247;
  0.119306 0.436891 0.588351;
  0.120791 0.439729 0.587455;
  0.122276 0.442567 0.586559;
  0.123761 0.445405 0.585663;
  0.125246 0.448243 0.584767;
  0.126731 0.451080 0.583871;
  0.128216 0.453918 0.582975;
  0.129701 0.456756 0.582079;
  0.131186 0.459594 0.581183;
  0.132671 0.462431 0.580287;
  0.134156 0.465269 0.579391;
  0.135641 0.468107 0.578494;
  0.137126 0.470945 0.577598;
  0.138611 0.473783 0.576702;
  0.140096 0.476620 0.575806;
  0.141581 0.479458 0.574910;
  0.143066 0.482296 0.574014;
  0.144551 0.485134 0.573118;
  0.146036 0.487972 0.572222;
  0.147521 0.490809 0.571326;
  0.149006 0.493647 0.570430;
  0.150491 0.496485 0.569534;
  0.151976 0.499323 0.568638;
  0.153461 0.502161 0.567742;
  0.154946 0.504998 0.566846;
  0.156431 0.507836 0.565950;
  0.157917 0.510674 0.565054;
  0.159402 0.513512 0.564157;
  0.160887 0.516350 0.563261;
  0.162372 0.519187 0.562365;
  0.163857 0.522025 0.561469;
  0.165342 0.524863 0.560573;
  0.166827 0.527701 0.559677;
  0.168312 0.530539 0.558781;
  0.169797 0.533376 0.557885;
  0.171282 0.536214 0.556989;
  0.172767 0.539052 0.556093;
  0.174252 0.541890 0.555197;
  0.175737 0.544728 0.554301;
  0.177222 0.547565 0.553405;
  0.178707 0.550403 0.552509;
  0.180192 0.553241 0.551613;
  0.181677 0.556079 0.550717;
  0.183162 0.558917 0.549820;
  0.184647 0.561754 0.548924;
  0.186132 0.564592 0.548028;
  0.187617 0.567430 0.547132;
  0.189102 0.570268 0.546236;
  0.190587 0.573106 0.545340;
  0.192072 0.575943 0.544444;
  0.193557 0.578781 0.543548;
  0.195043 0.581619 0.542652;
  0.196528 0.584457 0.541756;
  0.198013 0.587294 0.540860;
  0.199498 0.590132 0.539964;
  0.200983 0.592970 0.539068;
  0.202468 0.595808 0.538172;
  0.203953 0.598646 0.537276;
  0.205438 0.601483 0.536380;
  0.206923 0.604321 0.535483;
  0.208408 0.607159 0.534587;
  0.209893 0.609997 0.533691;
  0.211378 0.612835 0.532795;
  0.212863 0.615672 0.531899;
  0.214348 0.618510 0.531003;
  0.215833 0.621348 0.530107;
  0.217318 0.624186 0.529211;
  0.218803 0.627024 0.528315;
  0.220288 0.629861 0.527419;
  0.221773 0.632699 0.526523;
  0.223258 0.635537 0.525627;
  0.224743 0.638375 0.524731;
  0.226228 0.641213 0.523835;
  0.227713 0.644050 0.522939;
  0.229198 0.646888 0.522043;
  0.230683 0.649726 0.521146;
  0.232169 0.652564 0.520250;
  0.233654 0.655402 0.519354;
  0.235139 0.658239 0.518458;
  0.236624 0.661077 0.517562;
  0.238109 0.663915 0.516666;
  0.239594 0.666753 0.515770;
  0.241079 0.669591 0.514874;
  0.242564 0.672428 0.513978;
  0.244049 0.675266 0.513082;
  0.245534 0.678104 0.512186;
  0.247019 0.680942 0.511290;
  0.248504 0.683780 0.510394;
  0.249989 0.686617 0.509498;
  0.251474 0.689455 0.508602;
  0.252959 0.692293 0.507706;
  0.254444 0.695131 0.506809;
  0.255929 0.697969 0.505913;
  0.257414 0.700806 0.505017;
  0.258899 0.703644 0.504121;
  0.260384 0.706482 0.503225;
  0.261869 0.709320 0.502329;
  0.263354 0.712157 0.501433;
  0.264839 0.714995 0.500537;
  0.266324 0.717833 0.499641;
  0.267809 0.720671 0.498745;
  0.269294 0.723509 0.497849;
  0.270780 0.726346 0.496953;
  0.272265 0.729184 0.496057;
  0.273750 0.732022 0.495161;
  0.275235 0.734860 0.494265;
  0.276720 0.737698 0.493369;
  0.278205 0.740535 0.492472;
  0.279690 0.743373 0.491576;
  0.281175 0.746211 0.490680;
  0.282660 0.749049 0.489784;
  0.284145 0.751887 0.488888;
  0.285630 0.754724 0.487992;
  0.287115 0.757562 0.487096;
  0.288600 0.760400 0.486200;
]
